101156157164150145162040157156145040147157164040143141165147150164040164157144141171054040151164047163040141154154040157166145162040164150145040160141160145162163056040042124145145156141147145162
141162162145163164145144040151156040143157155160165164145162040143162151155145040163143141156144141154042054040042110141143153145162040141162162145163164145144040141146164145162040142141156153
164141155160145162151156147042056056056

104141155156040113151144163056040124150145171047162145040141154154040141154151153145056

102165164040144151144040171157165054040151156040171157165162040164150162145145055160151145143145040160163171143150157154157147171040141156144040061071065060047163040164145143150156157142162141151156040145166145162
164141153145040141040154157157153040142145150151156144040164150145040145171145163040157146040141040150141143153145162077040104151144040171157165040145166145162040167157156144145162040167150141164040155141144145
150151155040164151143153054040167150141164040146157162143145163040163150141160145144040150151155054040167150141164040155141171040150141166145040155157154144145144040150151155077

111040141155040141040150141143153145162054040145156164145162040155171040167157162154144056056056
127145154154054040167145040153151156144141040155141144145040164150151163040145141163171054040171157165040153156157167040055040163157040171157165040143157165154144040145141163151154171040147145164040164150145040146154141147040167150151143150040151163040141150173145064163171137164064163153175040
115151156145040151163040141040167157162154144040164150141164040142145147151156163040167151164150040163143150157157154056040111047166145040154151163164145156145144040164157040164150145040164145141143150145162
145170160154141151156040146157162040164150145040146151146164145145156164150040164151155145040150157167040164157040162145144165143145040141040146162141143164151157156056040111040165156144145162163164141156144
151164056040042116157054040115162163056040123155151164150054040111040144151144156047164040163150157167040155171040167157162153056040111040144151144040151164040151156040155171040150145141144056056056042

104141155156040153151144056040120162157142141142154171040143157160151145144040151164056040124150145171047162145040141154154040141154151153145056

111040155141144145040141040144151163143157166145162171040164157144141171056040111040146157165156144040141040143157155160165164145162056040127141151164040141040163145143157156144054040164150151163040151163
143157157154056040111164040144157145163040167150141164040111040167141156164040151164040164157040144157056040111146040151164040155141153145163040141040155151163164141153145054040151164047163040142145143141165163145
111040163143162145167145144040165160056040116157164040142145143141165163145040151164040144157145163156047164040154151153145040155145056056056

157162040146145145154163040164150162145141164145156145144040142171040155145056056056

157162040164150151156153163040111047155040141040163155141162164040141163163056056056

157162040144157145163156047164040154151153145040164145141143150151156147040141156144040163150157165154144156047164040142145040150145162145056056056

104141155156040153151144056040101154154040150145040144157145163040151163040160154141171040147141155145163056040124150145171047162145040141154154040141154151153145056

101156144040164150145156040151164040150141160160145156145144056056056040101040144157157162040157160145156145144040164157040141040167157162154144056056056040122165163150151156147040164150162157165147150040164150145
160150157156145040154151156145040154151153145040150145162157151156040164150162157165147150040141156040141144144151143164047163040166145151156163054040141156040145154145143164162157156151143040160165154163145040151163
163145156164040157165164054040141040162145146165147145040146162157155040164150145040144141171040164157040144141171040151156143157155160145164145156143151145163040151163040163157165147150164056056056040101
142157141162144040151163040146157165156144056

042124150151163040151163040151164056056056040124150151163040151163040167150145162145040111040142145154157156147056056056042